ROLLN
-----
33837
33882
34055
34158
34195
34197
34386
34770
34788
34957
35
35138
35198
35257
35293
35357
35523
35588
35687
35935
36244
36263
3639
36494
36791
36881
36995
37101
37219
37350
37430
37715
37809
37818
37946
38013
38271
38545
38555
38602
38668
38691
38696
38973
390
39115
39157
39238
39241
39310
39472
39521
39552
39612
39876
39892
39901
4004
40044
40059
40116
4015
40189
40276
40303
40457
40677
40682
40897
40932
40937
41211
41345
41450
4173
41741
4182
41827
41938
41965
42019
42298
42625
43130
43211
43226
43432
435
43505
44206
44271
44304
4435
44352
4438
44985
44998
4508
45083
45570
45650
45720
4582
46074
46260
463
46436
4645
4682
46980
47001
47025
47677
48009
48247
48423
48462
48469
48589
48640
48678
48901
49073
49214
49280
49450
49618
49759
50038
1018
10481
107
10736
10834
1087
10917
11055
11057
11101
11237
11262
11419
11422
11441
11510
11682
11855
11966
12078
1220
12214
12326
12563
12666
12711
13023
13028
13290
13352
13365
13403
13408
13749
13753
13826
13880
14094
14182
14214
14621
15030
15070
15083
15144
15430
15726
15980
16075
16311
16347
16480
16543
16849
17128
17192
17207
17339
17424
18007
18108
1827
1836
18367
18469
18636
18740
18809
18859
19203
19342
19603
19638
19735
19766
19861
20002
20378
20803
21008
21009
21101
21225
21337
21556
21766
21774
2178
22050
22179
22254
22258
22396
22618
23270
23344
23449
23457
23525
23794
23934
23992
24010
24201
24374
25046
25077
25256
25525
2561
25785
25940
2629
26730
27044
27430
27528
27727
27898
28019
28133
282
28361
28977
28994
29031
29091
29192
29260
2967
2970
29705
29849
29863
29920
30017
30021
30124
30182
30252
3039
30772
30845
30943
31035
31080
31101
31137
31337
31341
31442
31476
31486
31690
32056
32245
32345
32744
32881
33206
33460
336
33759
33791
50658
50664
50719
50944
50966
51549
51579
51768
51862
51923
51955
51975
52076
52134
52203
52291
52371
52523
52750
52866
53165
53424
53485
53699
54605
54620
55009
55170

321 rows selected.