COURSEID COUNT(COURSEID)
-------- ---------------
169                    1
209                    1
236                    1
254                    1
292                    1
324                    2
353                    2
443                    1
631                    1
792                    1
795                    1
802                    1
972                    1
158                    1
258                    1
338                    2
359                    2
458                    1
591                    1
656                    2
663                    1
692                    3
747                    2
780                    1
793                    1
810                    1
830                    1
902                    1
272                    1
392                    1
612                    1
805                    1
991                    1
224                    1
313                    1
399                    1
486                    1
496                    3
558                    1
603                    1
608                    2
628                    1
804                    1
998                    1
241                    1
242                    2
349                    1
362                    2
582                    1
664                    2
696                    1
774                    2
820                    1
877                    1
276                    1
376                    1
403                    2
411                    1
704                    1
841                    1
843                    1
947                    1
958                    3
239                    1
545                    2
559                    1
586                    1
618                    1
852                    2
875                    1
457                    1
544                    2
629                    1
647                    1
694                    1
760                    1
864                    1

77 rows selected.